1 0.271399 0.223529 0.217119 0.068449
1 0.495303 0.222460 0.218163 0.066310
1 0.676931 0.225668 0.127349 0.068449
1 0.584290 0.380749 0.170668 0.072727
2 0.326722 0.384492 0.328810 0.067380
1 0.395616 0.453476 0.466597 0.064171
1 0.499739 0.522995 0.222860 0.062032
1 0.270877 0.525668 0.216075 0.067380
1 0.326461 0.594652 0.329332 0.064171
1 0.269572 0.733155 0.219729 0.063102
1 0.496347 0.731551 0.217119 0.068449
1 0.387526 0.804813 0.452505 0.067380
1 0.382046 0.872727 0.442589 0.064171
1 0.270616 0.939037 0.219729 0.068449
1 0.492432 0.941711 0.223904 0.063102
