1 0.387526 0.908556 0.176931 0.063102
1 0.432411 0.783422 0.088205 0.052406
1 0.344468 0.784492 0.087683 0.054545
1 0.354123 0.687701 0.111169 0.036364
1 0.368476 0.651337 0.138831 0.036364
1 0.369520 0.610160 0.136743 0.045989
1 0.425887 0.686631 0.034447 0.042781
1 0.459551 0.688235 0.031837 0.054545
1 0.608820 0.907487 0.053758 0.063102
1 0.634134 0.822995 0.069937 0.054545
1 0.551409 0.826738 0.070459 0.036364
1 0.550887 0.783422 0.071503 0.050267
1 0.614040 0.681283 0.021399 0.051337
1 0.657881 0.682353 0.066284 0.053476
1 0.559499 0.683422 0.086639 0.047059
1 0.607255 0.611765 0.182150 0.053476
